3.9991825078992864 -19.73416537243768 1.9920225300794785 1.5738715075238805 -0.029999999999999995 -0.018561210824505493 -0.02452476302141021 7.97503882686956 -0.23932409761564533
3.997357696339329 -19.46931195319873 1.9777061877895834 1.5776861101741195 -0.05399999999999999 -0.036905377572093556 -0.054744346798725405 7.945602577168463 -0.42949026869685475
3.9945470654239226 -19.205496322880716 1.9583592201558766 1.5814496932428814 -0.07319999999999999 -0.055026706868870144 -0.08431892746219352 7.914468909540388 -0.5804090290112073
3.9907705679907597 -18.94272380980188 1.9350246479455897 1.5851670743791353 -0.08855999999999999 -0.072918989157636 -0.11329492299489147 7.883175392365077 -0.7000371663086076
3.9860465434578947 -18.680973336419 1.908533468623515 1.5888421842221805 -0.100848 -0.09057568452807582 -0.14172073598595156 7.852514201486369 -0.7947353796622408
3.980391860473094 -18.42021199260307 1.8795475822403216 1.5924782094614802 -0.1106784 -0.10798998542911026 -0.16964048954401637 7.822840314477972 -0.8695765914957968
3.9738221388100885 -18.160403309730995 1.8485941836769548 1.596077706368497 -0.11854271999999999 -0.12515486445804833 -0.19709164989016512 7.79426048616217 -0.9286019569010014
3.966351985703967 -17.90151172328442 1.8160932120935063 1.599642690983536 -0.12483417599999999 -0.14206311233006114 -0.22410459318364503 7.766747593397284 -0.9750291475034578
3.9579952169904535 -17.64350476970456 1.7823792157101956 1.603174710762846 -0.12986734079999998 -0.1587073692539785 -0.25070306140540394 7.740208607395715 -1.0114198914993158
3.94876505189954 -17.386353969819947 1.7477187524644844 1.6066749014563844 -0.13389387264 -0.1750801517936904 -0.2769049527273974 7.714523996538418 -1.0398138973713356
3.938674279581953 -17.130034979317518 1.712324234082518 1.610144032198961 -0.13711509811199998 -0.19117387658779508 -0.30272316952762096 7.689569715072847 -1.0618355514589926
3.9277353996520965 -16.87452735506381 1.6763649411303507 1.6135825411912637 -0.1396920784896 -0.20698088185887184 -0.32816639789569013 7.665228727611195 -1.078778788565016
3.9159607405976806 -16.61981414273571 1.6399757891394442 1.6169905638765576 -0.14175366279168 -0.22249344736298038 -0.35323977163247966 7.641396369843036 -1.0916745597271968
3.903362560155318 -16.36588140328967 1.6032643070492032 1.6203679551508383 -0.143402930233344 -0.23770381324671383 -0.3779454132708691 7.617982183381157 -1.1013444627072289
3.8899531313993143 -16.112717742483532 1.566316194277162 1.6237143068549753 -0.1447223441866752 -0.25260419815550217 -0.4022828626801083 7.594909824184112 -1.1084433831612377
3.875744817713618 -15.860313875853766 1.5291997472515244 1.6270289615691722 -0.14577787534934017 -0.26718681685006196 -0.42624941057089105 7.572115998892986 -1.1134934107691292
3.8607501392021164 -15.608662243002884 1.49196938636191 1.6303110235494513 -0.14662230027947212 -0.2814438975241182 -0.44984035534504613 7.549548985526455 -1.1169108266884333
3.844981832525585 -15.357756674606668 1.4546684668131908 1.6335593675025548 -0.1472978402235777 -0.29536769896738346 -0.47304920029594516 7.527167051886518 -1.1190275864615749
3.828452905666593 -15.107592109992275 1.4173315192303697 1.6367726457816045 -0.14783827217886217 -0.3089505276781092 -0.4958678057697639 7.504936938431776 -1.1201084274846334
3.811176688721808 -14.858164360473078 1.3799860360080578 1.6399492944937684 -0.14827061774308972 -0.32218475499611565 -0.5182865083435376 7.48283248557594 -1.1203644966693584
3.7931668814976027 -14.609469912628642 1.3426538957014265 1.6430875389379935 -0.1486164941944718 -0.33506283429803846 -0.5402942167261688 7.460833435333086 -1.1199642091989392
3.7744375984283813 -14.361505765643415 1.3053524989331977 1.6461853987315413 -0.14889319535557743 -0.34757731827030847 -0.5618784920766473 7.4389244095568 -1.1190419030468635
3.755003411135747 -14.11426929721848 1.2680956743304668 1.6492406929353114 -0.14911455628446194 -0.35972087625126287 -0.5830256187790276 7.4170940527480385 -1.1177047380819314
3.7348793887896243 -13.867758153185184 1.230894401106322 1.6522510454470902 -0.14929164502756956 -0.37148631161122936 -0.6037206703836788 7.39533432099887 -1.1160381967243413
3.714081136310709 -13.621970156628368 1.1937573854325 1.6552138908967087 -0.14943331602205565 -0.3828665791180772 -0.6239475743674555 7.373639896704478 -1.1141104702146583
3.6926248303597897 -13.376903232989651 1.1566915202108556 1.6581264812458465 -0.1495466528176445 -0.39385480221537617 -0.6436891785275758 7.352007709161519 -1.1119759566493355
3.6705272529879394 -13.132555348227763 1.1197022518473725 1.6609858932663983 -0.1496373222541156 -0.40444429012083527 -0.6629273211555119 7.330436542856637 -1.1096780509044917
3.647805822768066 -12.888924457646885 1.0827938728488897 1.6637890370437292 -0.1497098578032925 -0.41462855463406517 -0.6816429065961951 7.308926717426324 -1.107251369954484
3.624478623189728 -12.646008463462117 1.0459697552505263 1.6665326656238333 -0.14976788624263399 -0.424401326524942 -0.6998159873501435 7.28747982554304 -1.1047235279509042
3.6005644280732185 -12.40380517955729 1.0092325368430421 1.6692133858956637 -0.1498143089941072 -0.433756571357007 -0.7174258534952945 7.266098517144801 -1.1021165522245235
3.576082723744187 -12.162312302211296 0.9725842697466948 1.6718276707711566 -0.14985144719528576 -0.44268850458450437 -0.734451129870946 7.244786320379828 -1.0994480128904225
3.5510537277053937 -11.921527385832936 0.9360265389463637 1.674371872695441 -0.1498811577562286 -0.45119160574695 -0.7508698811637913 7.2235474913507804 -1.0967319240099316
3.5254984035468904 -11.681447822959074 0.899560556862168 1.6768422384882105 -0.14990492620498289 -0.4436717456511675 -0.7666597247551016 7.202386886215866 -1.0939794625258725
3.499644231115191 -11.442048517299177 0.8631872388011315 1.678375404021963 -0.1499239409639863 -0.4362772165569814 -0.7756251729509813 7.181979169796908 -1.091199541831095
3.4736668232893053 -11.203308997812906 0.8269072631554533 1.6791805941636806 -0.14993915277118905 -0.429005929614365 -0.7793222347765691 7.162185584588152 -1.088399269370346
3.4477012667319156 -10.965212815116601 0.7907211194312272 1.6794219617318407 -0.14995132221695123 -0.4218558307874589 -0.7789666967216949 7.142885480889153 -1.085584311726782
3.4218509881071566 -10.727746893029016 0.7546291465678828 1.6792282546044863 -0.14996105777356097 -0.4148249002743346 -0.7755083587427659 7.123977662627566 -1.0827591859003336
3.3961946879206635 -10.490900916607062 0.7186315635111717 1.6787004111360455 -0.1499688462188488 -0.407911151936429 -0.7696890055947881 7.105379292658587 -1.079927491701333
3.3707917645783456 -10.254666791935541 0.6827284936056807 1.6779175278144824 -0.14997507697507903 -0.40111263273748854 -0.7620877002695398 7.087023740145619 -1.0770920971647318
3.3456865582243687 -10.019038188000986 0.6469199840562545 1.6769415479649559 -0.14998006158006322 -0.3944274221918637 -0.7531561906193083 7.068858118036664 -1.0742552864827843
3.320911671539475 -9.784010158262962 0.6112060214551351 1.6758209455633029 -0.14998404926405057 -0.38785363182199933 -0.7432466005468087 7.0508408921406955 -1.0714188780335812
3.2964905683414183 -9.549578833727256 0.5755865441701089 1.674593619495772 -0.14998723941124045 -0.381389404624966 -0.7326330959416957 7.032939736071188 -1.0685843185507873
3.272439606937123 -9.315741177300636 0.5400614522281859 1.6732891674591253 -0.14998979152899236 -0.37503291454788323 -0.7215288421288609 7.015129692798624 -1.0657527582576916
3.2487696309483525 -9.082494789152992 0.5046306152010652 1.6719306724410599 -0.1499918332231939 -0.3687823659720852 -0.7100992796631201 6.997391644429308 -1.0629251108136204
3.225487213616624 -8.849837753696706 0.46929387849630466 1.6705361062361008 -0.1499934665785551 -0.36263599320588374 -0.6984725199518427 6.97971106368858 -1.0601021011428173
3.2025956307229957 -8.617768520043121 0.43405106837646207 1.669119432071777 -0.14999477326284408 -0.3565920599857857 -0.6867474868088514 6.962077009607532 -1.0572843035952775
3.1800956209433413 -8.386285809108765 0.39890199596333414 1.6676914708359183 -0.14999581861027525 -0.3506488589860226 -0.6750002933896303 6.944481328030707 -1.054472172393837
3.157985979697989 -8.155388541770261 0.3638464604324415 1.6662605815804838 -0.1499966548882202 -0.34480471133625556 -0.6632892373605713 6.926918020155098 -1.0516660659267796
3.1362640225671945 -7.925075783543814 0.32888425156144113 1.66483319612294 -0.14999732391057616 -0.339057966147318 -0.6516587139238402 6.909382746793385 -1.0488662661300119
3.114925946524478 -7.695346702175975 0.29401515176306137 1.6634142390384243 -0.14999785912846092 -0.3334070000448627 -0.640142281281505 6.891872441035171 -1.0460729939513937
3.093967111115502 -7.466200535284107 0.2592389377067561 1.6620074576363555 -0.14999828730276873 -0.32785021671078163 -0.6287650622692831 6.874385006756038 -1.043286421689158
3.0733822569118567 -7.237636565794758 0.22455538161221328 1.660615681252226 -0.149998629842215 -0.3223860464322686 -0.6175456261093542 6.856919084680488 -1.0405066828362843
3.053165674808441 -7.009654103416818 0.18996425228104802 1.6592410250515162 -0.149998903873772 -0.31701294565839744 -0.6064974631024705 6.839473871338217 -1.037733879934958
3.0333113367845455 -6.782252470774499 0.15546531591960308 1.6578850502964422 -0.14999912309901758 -0.3117293965640908 -0.5956301407168697 6.822048979269561 -1.0349680908433483
3.0138129964357 -6.555430993131398 0.1210583367950822 1.6565488904779717 -0.14999929847921406 -0.306533906621356 -0.5849502104653715 6.804644329293046 -1.0322093737356266
2.9946642657675047 -6.329188990877329 0.08674307775870593 1.6552333507163983 -0.14999943878337124 -0.3014250081776667 -0.5744619200458632 6.787260067622083 -1.029457771091288
2.975858673315519 -6.103525774137735 0.05251930066277041 1.6539389862670812 -0.149999551026697 -0.29640125804137224 -0.5641677735595718 6.7698965021878275 -1.0267133128780657
2.957389707531567 -5.878440639012268 0.018386766693055598 1.6526661647424181 -0.14999964082135758 -0.29146123707401606 -0.5540689735185573 6.752554053763977 -1.0239760190914444
2.9392508484893614 -5.653932865063599 -0.015654763366305224 1.651415115705475 -0.14999971265708606 -0.28660354978944913 -0.5441657712661763 6.735233218460088 -1.0212459017808246
2.921435590257984 -5.430001713766724 -0.04960552892184198 1.6501859705496469 -0.14999977012566884 -0.281826823959625 -0.534457746941314 6.717934538906248 -1.0185229666661026
2.903937455728114 -5.2066464276988205 -0.08346576940275732 1.6489787950098347 -0.14999981610053506 -0.2771297102269646 -0.5249440358961034 6.700658582037091 -1.0158072144274604
2.8867500052186523 -4.9838662303044226 -0.11723572412723779 1.6477936162220177 -0.14999985288042805 -0.27251088172318183 -0.5156235152838474 6.683405921831942 -1.0130986417344139
2.8698668398122695 -4.761660326114175 -0.1509156321961322 1.6466304459368655 -0.14999988230434244 -0.2679690336944621 -0.5064949621914774 6.666177125707421 -1.010397242066832
2.853281600042926 -4.540027901330524 -0.1845057324084646 1.6454893012844176 -0.14999990584347395 -0.2635028831328878 -0.4975571930803038 6.648972743509509 -1.0077030063699723
2.836987960264336 -4.3189681247229155 -0.2180062631943674 1.6443702243741491 -0.14999992467477916 -0.25911116841400633 -0.4888091933576994 6.631793298228265 -1.0050159235770835
2.8209796187433582 -4.0984801488006255 -0.25141746256191216 1.6432733020002463 -0.1499999397398233 -0.25479264894043957 -0.480250245629336 6.614639277668697 -1.002335981026344
2.8052502832216755 -3.8785631112553483 -0.28473956805502887 1.6421986868193847 -0.14999995179185865 -0.25054610479143224 -0.47188006565047935 6.597511126358321 -0.9996631647935006
2.789793651342224 -3.659216136690316 -0.3179728167202701 1.6411466216076673 -0.14999996143348693 -0.2463703363782417 -0.4636989563835469 6.580409236950964 -0.9969974599572374
2.7746033849017446 -3.4404383386809 -0.3511174450806328 1.6401174686396187 -0.14999996914678954 -0.24226416410527102 -0.45570799321438193 6.563333940282488 -0.9943388508108799
2.75967307630585 -3.222228822246997 -0.3841736891150088 1.63911174696126 -0.14999997531743162 -0.23822642803684985 -0.44790925787684716 6.546285493017089 -0.9916873210312803
2.744996204771736 -3.0045866868657822 -0.4171417842421267 1.6381301815179992 -0.1499999802539453 -0.234255987569569 -0.4403061460234132 6.52926406143645 -0.9890428538135365
2.7305660785887387 -2.7875110302235617 -0.4500219653080752 1.6371737700394629 -0.14999998420315622 -0.23035172111007618 -0.432903785489915 6.512269699266618 -0.9864054319784548
2.7163757578407437 -2.571000953012802 -0.4828144665766839 1.6362438768056407 -0.14999998736252498 -0.22651252575824157 -0.42570962243984284 6.495302316322791 -0.9837750380582623
2.702417948944451 -2.355055565251789 -0.5155195217221828 1.6353423679045291 -0.14999998989001997 -0.2227373169956042 -0.4187342668887781 6.478361632830394 -0.9811516543649679
2.6886794325368832 -2.139588916247412 -0.548150248313784 1.6344718122411925 -0.149999991912016 -0.2190250283790108 -0.4121554922270325 6.463999470131319 -0.9789217977480352
2.675141576454135 -1.9244214281313876 -0.5807339348876672 1.6336312590562743 -0.1499999935296128 -0.21537461123936064 -0.4061356824824494 6.455024643480733 -0.9775105972164957
2.6617869493872255 -1.7093741721478901 -0.6132977581758459 1.632817574885404 -0.14999999482369022 -0.2117850343853713 -0.4006388120072925 6.451417679504924 -0.9769146986453592
2.648598261441764 -1.494268785631595 -0.6458688059628944 1.6320323508334835 -0.14999999585895218 -0.20825528381228178 -0.39566063836384907 6.453161595488853 -0.977131433611457
2.63555706720848 -1.278927400078806 -0.6784740998086964 1.631283009276872 -0.14999999668716174 -0.20478436241541043 -0.3912358269985195 6.460241566583668 -0.9781588153740594
2.6226418877028213 -1.063172600262763 -0.7111406176562605 1.63058543179209 -0.14999999734972938 -0.20137128970848692 -0.38745538516976 6.472643994481286 -0.97999553542692
2.609825003939247 -0.8468274573113532 -0.7438953163435432 1.629969925946773 -0.1499999978797835 -0.1980151015466788 -0.38450651290722393 6.490354288542294 -0.9826409606184822
2.597066008438882 -0.6297157465019715 -0.7767651540381175 1.629495776244382 -0.1499999983038268 -0.19471484985423418 -0.3827698650109527 6.513351324281452 -0.9860951308372298
2.584296122754212 -0.4116627024795916 -0.8097771126134323 1.629292721406132 -0.14999999864306143 -0.2035341134900619 -0.3830965705400999 6.5415913206713965 -0.9903587572594427
