1.3887073095142841 -0.9126847031712533 0.4200216321712322 -2.053646732783198
1.3750689131021498 -0.9270232938230039 0.42001013212896315 -2.1116002968177976
1.3600232531130312 -0.943651669472456 0.4199954208328892 -2.1695089130493193
1.3427524651587008 -0.9623900838196279 0.41993496652117307 -2.2229640708633616
1.3232492898404598 -0.9824077185988427 0.4198531599567679 -2.2696238377243247
1.3018685756623745 -1.0042244845628738 0.41973850025228093 -2.315993329197539
1.2785041476786136 -1.0274599388241767 0.4196441217738694 -2.3613184591051275
1.2530899389088153 -1.051495789811015 0.4195949803686711 -2.39859838576895
1.2251095117628572 -1.0759387704730035 0.4195666387652856 -2.4385054100392054
1.1953189113736151 -1.1008051069825888 0.41953309884822976 -2.478233975480494
1.1635323514044282 -1.125790223889053 0.41950946593134214 -2.5095911508337725
1.1297872693836686 -1.1509103851392866 0.41949648974745235 -2.5473402892603723
1.0947898167371746 -1.176595056168735 0.41945436868802166 -2.5772801433233345
1.0582266253232953 -1.2023643980920315 0.41936386028195044 -2.6075012874349848
1.0195646609365936 -1.227869782075286 0.4192398149481744 -2.6400378272722307
0.9792796434462067 -1.252739030942321 0.41918470367369703 -2.6670038414507724
0.9376704250276084 -1.2776218335470186 0.41908465169398806 -2.698952542469264
0.8944141571223732 -1.3017983101587745 0.41894569735059006 -2.7261481796409406
0.8496511986851688 -1.3252716654958205 0.4188906709916131 -2.753360507422827
0.8032262392342087 -1.347929337900132 0.41886094708278654 -2.7824966413796917
0.7551481308042999 -1.36989730715286 0.41880180928503496 -2.8101505359090826
0.7054743105173107 -1.3908633191231639 0.4187750285419339 -2.830578136556217
0.6544883665442462 -1.410566544556059 0.4187254438124462 -2.8649727915692673
0.6020994605123993 -1.428978222720325 0.4186608402181365 -2.8888269597963463
0.5483814688026901 -1.4455151871358976 0.41860540114881173 -2.9043629575714904
0.49243172362446747 -1.4598625160660594 0.4185523352698752 -2.92058445750324
0.4352404969185587 -1.4727229151921346 0.41845389743373784 -2.949826144717173
0.3770262129604813 -1.4841646269150077 0.4183612088044578 -2.9680493077838097
0.3172696764022108 -1.4937869278667493 0.418221207656542 -2.9825190818901963
0.2557923156023022 -1.5011174002755432 0.4180960803706064 -3.0033792068049054
0.19390734739601578 -1.5068473470071329 0.4179769728865058 -3.0139539052637976
0.1312583368271586 -1.511168498918414 0.4178507590026835 -3.0252787037875217
0.06794216401874986 -1.5148946128925307 0.4177834818527099 -3.0400104116544044
0.0038445454835888404 -1.516844512922689 0.4177528531878326 -3.0599991683901613
-0.06004408353939686 -1.5170569581212474 0.4177254470171132 -3.0741120140806175
-0.12351768676191602 -1.5148357249610125 0.417690568232964 3.118016647674831
-0.1863762867264453 -1.5103133211238309 0.41766183256092865 3.0344137172038854
-0.24717938415706192 -1.5033316545281559 0.41766256081723546 2.958600470453387
-0.30663197116926344 -1.4939194714510813 0.4176808048469682 2.886591145423899
-0.3660583225823942 -1.4824886624887585 0.4177187982262998 2.820314325451646
-0.42502331422641904 -1.4691621051495896 0.4178029509902591 2.7552327313934555
-0.48333971271291404 -1.4541545603331179 0.41787026502992847 2.691796973007304
-0.5401382917352023 -1.4374218189762906 0.4178928118562822 2.6343438005241833
-0.5958097837306562 -1.419029930625111 0.4179327176387802 2.574290789478283
-0.6498951237089935 -1.3999856292782353 0.41794941407523634 2.5184009835704018
-0.7026985801197592 -1.37940035966225 0.417942174620739 2.473128112185705
-0.7542623974569145 -1.3574933697143572 0.41796533542722586 2.4223368702196675
-0.805065349582583 -1.3338079376518728 0.4180308431745968 2.377718147881793
-0.855394188333303 -1.308317433758639 0.41811808031301734 2.33434076688561
-0.9046284095384184 -1.281216057566926 0.41816019180458047 2.2953337419658286
-0.9527717983908954 -1.2521873203339056 0.41821879968183207 2.258745997419953
-0.9992383406497541 -1.221518053021282 0.4183215176689586 2.221969391867095
-1.0447361818887297 -1.1897773146582766 0.418426566079745 2.1928780532960026
-1.0892388560809199 -1.1565266122762112 0.418495441062677 2.161915188479915
-1.1318442125059667 -1.121364521109499 0.41856530295790934 2.1290599810275097
-1.1739528457261625 -1.0847695663198826 0.4186547159925272 2.099322536424209
-1.2145562950707975 -1.0468060893332582 0.4187206627955836 2.071602767257425
-1.253154959920794 -1.0076854956801977 0.41873699770710915 2.042837968408662
-1.2898931492306296 -0.9672675996320319 0.41876986024915813 2.0189505577523876
-1.325687571857125 -0.9251414550282058 0.4187717221818806 2.0022888855898637
-1.3604621889628474 -0.8807613862631839 0.41879185978363637 1.9853501122963166
-1.3938329289294784 -0.8344590519089248 0.4188528616095981 1.9604753375654251
-1.4255729326047009 -0.7867189562181007 0.41894115659874526 1.9416760582310566
-1.4554852242209022 -0.7368893060088154 0.419026875805093 1.9263310486264569
-1.4837190444208685 -0.686216776682995 0.4191310153910071 1.9077346734245442
-1.5105798744596544 -0.6344683281611648 0.4192415515190026 1.887312226722674
-1.5359167433716359 -0.5819469441147518 0.41937177834568223 1.8683436907996178
-1.55952152306214 -0.5279141360335049 0.41947734069782244 1.8479880831001783
-1.5816222597099843 -0.4730156546039504 0.41954630618045907 1.8261330451037159
-1.602338292244822 -0.4162451392505315 0.4196318795743551 1.805224374998124
-1.621458550784737 -0.3589466431224716 0.41974272455734496 1.7875936176990415
-1.637967964652926 -0.3010657201707361 0.41988343814900403 1.7689594191462739
-1.6529164648987356 -0.24317580205912212 0.4199938915162494 1.7558505102299042
-1.665887329373509 -0.18496554981102212 0.42004877163940935 1.7443133245007498
-1.6758936131931845 -0.12693321938335406 0.4200646526080199 1.733775853244591
-1.6841654696501795 -0.06879714252660027 0.42012620228702824 1.7222332279130432
-1.6906036576069896 -0.010571727769565532 0.4202263866788508 1.7093120401161377
-1.6958254131115977 0.046010632949183 0.42036800721070355 1.69805017189862
-1.6981517898477618 0.10252843430789677 0.4204478783513569 1.6057752347890748
-1.6984584851004187 0.15886005146894627 0.42050211477572236 1.5294603741307178
-1.6966528516449038 0.21485660387610572 0.4205250854463404 1.4559789257471287
-1.6929992284812037 0.2700631040928422 0.42057846069821153 1.3836204634218578
-1.6870550974644725 0.32436473539390154 0.42064629172413165 1.3140828277098855
-1.6789310758747165 0.3782117443368772 0.42074076211205685 1.2417265270170859
-1.6689948065020148 0.4315779772977114 0.4208592049788746 1.1755018874030139
-1.657655006591231 0.48276433458668205 0.4209918318380674 1.118570262897455
-1.6438092697598043 0.5334655687777561 0.42113312467759556 1.066159900970682
-1.6279841672815385 0.5836771745793524 0.4212166304191604 1.0156304144178332
-1.6095075670816006 0.6322634162561738 0.4212924745935691 0.9673569814515295
-1.5891374207474294 0.6802739973913415 0.4214156200075872 0.9172976373878736
-1.5669468619860711 0.7276870931853776 0.4215427505047907 0.8618208631729036
-1.5422900871373715 0.7749953390355225 0.4216496096254137 0.8156415528441308
-1.5156818308867517 0.8217543261469112 0.4217695111990094 0.7673056788666139
-1.4868731615878643 0.8685102287499471 0.42182124847524494 0.7239709682581799
-1.4566049296595158 0.9144058314379075 0.42188818017590973 0.6801241791746229
-1.4246727632917466 0.9591272952669536 0.42195224857436414 0.6445724392669163
-1.391080112550408 1.0025455884746046 0.4219776352705973 0.6073827360636113
-1.3550183051265778 1.0438721125532178 0.4220071308502506 0.5760618691263004
-1.3176060008443895 1.0839224816666686 0.42205641166438207 0.5405634514971611
-1.2786870178021494 1.1229213522031207 0.42209314508489015 0.510275149767192
-1.2371538724936548 1.160193265328999 0.422174259461934 0.48112221949712275
-1.1939723073877397 1.194542221213342 0.4222394850463002 0.44767966024166306
-1.149545386526734 1.2273797402478526 0.4223277481058012 0.42455948930282617
-1.103823517803103 1.2583299518172866 0.4223965984340475 0.3940870901263507
-1.0571525179781023 1.2878978114220085 0.42249052293228956 0.36442338928877005
-1.0096235954947772 1.316004444235587 0.42255624405208636 0.34134677076419306
-0.9610666065849366 1.3424024911312158 0.4225966044424598 0.3163318860154609
-0.9117773693241181 1.3673479998047702 0.42266169253782226 0.2892947940713744
-0.8617745135165753 1.3906384211563279 0.4227355490646809 0.26529861454198755
-0.8110497537441553 1.4125906984141336 0.4228404672656983 0.24938174967949767
-0.7596658098883928 1.4330013408738895 0.4229265747845091 0.2353462089336107
-0.7082819577679039 1.4520593001769166 0.4229925721648974 0.21697849824942184
-0.6564997091703118 1.4697645672335067 0.4230488443433767 0.20194400695698045
-0.6042309360206127 1.4858172414224837 0.4231492574380111 0.19190073540365615
-0.5515325042046606 1.5004699428746253 0.42324630428950405 0.17667216745625236
-0.49797616105526676 1.5136889763391819 0.4233217307669139 0.1674226039326796
-0.44381385570392 1.5255324485962056 0.4234205458737539 0.15497962725946834
-0.3891886997967957 1.5357131576450784 0.42353116550863634 0.14222078339797273
-0.33420749725773913 1.5440449167549388 0.42360380394694797 0.12606856617019524
-0.27884331461042144 1.5505861395207476 0.423707877957013 0.11261453480211348
-0.22281974105164384 1.5554417302663215 0.42377422407791593 0.10076662483637433
-0.16589298740029307 1.5589386374555771 0.4238593154116074 0.09062447634588988
-0.10883351594209639 1.5610043734958172 0.42393201108436923 0.07994811640986654
-0.05173043565824593 1.5615384683507738 0.4239877251270379 0.06761332766786587
0.005287869218737272 1.5601312490151042 0.42405676659882735 0.05993169832957834
0.06256681382656139 1.5569598278595378 0.4240936703678884 -0.023279672993587575
0.11953424163162751 1.551861519817613 0.42409684111230805 -0.10557827991597435
0.1759008484333758 1.5448782621213477 0.42412243090639584 -0.17816503328961453
0.23179588966071654 1.5362161101138927 0.42413338191626276 -0.251433513663601
0.2866346497088676 1.5260390780452882 0.4241572051415808 -0.3203224352896692
0.34101939581334645 1.5143332844408006 0.42419927651655825 -0.38821057718937535
0.39509401945397316 1.5007843979477193 0.42424318846659065 -0.4547290215592583
0.447250750251115 1.4841006573167406 0.42427970625533307 -0.5188917725971329
0.4985901914723224 1.465744694220485 0.4243110296347686 -0.5782852238266605
0.5492011725902565 1.446332130017109 0.4243381979880006 -0.632469690409081
0.5989939518831678 1.4250992714037427 0.4243255624365037 -0.6818006634063054
0.6478541420027623 1.4017198827880208 0.424358294031103 -0.7170804773943225
0.6968465136364111 1.3759047776326776 0.4244176300327188 -0.7505044805425625
0.745289270915092 1.347495797545999 0.4244987194944856 -0.7769337772445226
0.7928794761374602 1.3175614390830748 0.4246258574230066 -0.8118969031427166
0.8395035022869716 1.2848302536614944 0.42474814511121806 -0.850823239821322
0.8852204556390653 1.250721892342554 0.42485940631244234 -0.8821722369499301
0.9296371557191024 1.2150260848406476 0.4249753185663084 -0.9168003326359271
0.973136240132154 1.1777919741423108 0.42509684935075126 -0.9418583800277665
1.0158582484349619 1.138564294755343 0.42516424918185347 -0.9642031758952205
1.0580068317428242 1.0987041501101344 0.42518750795385557 -0.9862832530878944
1.0992073723301303 1.058006108104601 0.4252077691463336 -1.0194186954123352
1.1392909319326294 1.0163407924614152 0.4251898900151597 -1.0427548797224468
1.1781474460288894 0.9736154001642721 0.4251687779561732 -1.064457078457484
1.215819380693139 0.9311556096473945 0.4251293135413308 -1.0865980399012627
1.2524854529276503 0.8877169060468444 0.4250842080091412 -1.1107083401999573
1.2875134703144444 0.8441310537030224 0.4250237719472131 -1.127697167855044
1.3210540238395347 0.7999695157835961 0.4249877687126222 -1.1413589147677765
1.3529910437390222 0.7548884125292536 0.42495569509121595 -1.1544651452251162
1.3834415872767583 0.7088662838836901 0.42496442603610896 -1.1689577540137805
1.4121736338362112 0.6617768854956377 0.42497107087695984 -1.1844231186668792
1.4392643544450416 0.6139209956646666 0.42500198382389287 -1.1986678174566352
1.4640373122319594 0.5644942029198866 0.425064749458407 -1.2150741418782678
1.487527987249197 0.5136353293102003 0.4251045692736514 -1.2289359212427253
1.508767578117551 0.4623914789111587 0.42518399703149357 -1.2419565822060392
1.5280036689713612 0.4107753668463557 0.4252976368810635 -1.2527732966012382
1.5445739414915458 0.3585472188662971 0.4253827582419604 -1.2658273540846545
1.55914624143392 0.3060184172907612 0.425494467031956 -1.2751173292869245
1.5712931392714398 0.2535944752051728 0.4256267797885842 -1.2863980673335318
1.5808039427176135 0.200285867570783 0.4257752422814905 -1.29359233829117
1.5877366521582024 0.14690101228246927 0.42584762675959337 -1.301066288368619
1.5922739436104911 0.09358566735812922 0.42587508271436664 -1.3117321601935756
1.5951019429788011 0.04017164662771384 0.42587374031214864 -1.3237847601065684
1.5959965393319744 -0.013051827757735855 0.42583932328291374 -1.3363396749938212
1.5937506015226264 -0.06801699829229635 0.42576244694280413 -1.4266279046930173
1.5890637831762453 -0.12420106250385307 0.4256363617825754 -1.5129355904835258
1.5814862852916143 -0.18007613137539033 0.42551529239255703 -1.5917117189563588
1.5715823217108866 -0.235431867510197 0.4254351605460398 -1.6619208962683378
1.5599826572462938 -0.2899831262364754 0.4253429968818495 -1.732295644710774
1.5466016008332393 -0.3440988391457362 0.42527232068050635 -1.7997554190163683
1.5315104603394887 -0.39791704320057797 0.4252343565542826 -1.8654249336632835
1.5142712214961669 -0.4511253803531876 0.42524272536411545 -1.9260225460591447
1.4951976117119214 -0.5035506576107587 0.425293040127283 -1.98448795034504
1.4750600821897408 -0.5554290074907481 0.42531633317128154 -2.044578491636121
1.453127564303579 -0.6070739777124259 0.4253103646625288 -2.0999275177045305
1.4295868961140534 -0.6581540194695122 0.4252788062549606 -2.1575592021681946
1.4048145851120375 -0.7083240436617058 0.42520831138380494 -2.2105404464437326
1.3786114790663146 -0.7577105615200713 0.4251710080522122 -2.25671697820122
1.3515326228365325 -0.806314962279867 0.42512910256233954 -2.305389794345807
1.3229228655621432 -0.8541518053441547 0.42510072062616205 -2.3508143470016374
1.2929204378649615 -0.9009004945395287 0.42510541557718035 -2.3863762367378505
1.2605313624069117 -0.9470656903233617 0.425101190209813 -2.4316114826335964
1.2274233495071551 -0.9920327942277077 0.4251229361628103 -2.466472520511297
1.1928454948589227 -1.035894289638964 0.4251432319855584 -2.503773700317539
1.1569101365283152 -1.078838286804385 0.4251682174852614 -2.5416808817020575
1.120686812568458 -1.120702791177319 0.42522213783748963 -2.572886596991935
1.0825621677935144 -1.1612871510972043 0.42528389300672464 -2.6062593734971
1.0438128096424064 -1.2009678400057608 0.42530904119020146 -2.6378707905779195
1.0038440322503468 -1.239349576513633 0.42531902822735707 -2.666487821003841
0.9627325761504492 -1.2764160626247767 0.42536665394974565 -2.695482953096805
0.9191504662483951 -1.3116665033920445 0.4253670722526753 -2.724546159472073
0.8741995543055258 -1.3452314462495278 0.4253745372898595 -2.7541386369396292
0.827881451137366 -1.3771496416669116 0.425402818153898 -2.7827007554479706
0.7797544104792199 -1.4070948167989272 0.4254338836211556 -2.804872379537606
0.7295563474297545 -1.4347863912739567 0.42543716121121467 -2.821711173087491
0.6782269675098381 -1.4608028625912275 0.42548922754832685 -2.8406379190452364
0.6260924436524532 -1.4853126961266399 0.425530480611442 -2.8676286505865383
0.5729131833650194 -1.5080281453911457 0.42554896690775995 -2.889279736084603
0.5187467141449473 -1.5284867644699998 0.42561222197723064 -2.9010304727264042
0.4630297718010865 -1.5474937142134886 0.4257253634197924 -2.919976828862962
0.4062812667712592 -1.5641642658918873 0.42586453536521773 -2.933742422809036
0.3486418735422217 -1.578784566205578 0.42600102620776564 -2.947405550755558
0.29041109204292526 -1.59125412455469 0.4261076583647667 -2.960897926131185
0.23211024217307796 -1.6019719654257651 0.42618195357750926 -2.973107314848833
0.1732350703328871 -1.610917877330795 0.42620953791284566 -2.98831050974189
0.11316827170551055 -1.6181939674966281 0.4262498579197708 -3.003371714738082
0.05243247486651176 -1.6230320096871593 0.426253659716832 -3.0226199095754076
-0.0074851068109250685 -1.6264878307451738 0.42623526400014783 -3.0377654903122187
-0.06664822816848523 -1.6271879165846632 0.42624328276163315 -3.1284160297823504
-0.1256257871352113 -1.6255689673410971 0.42628545155775255 3.07414293140606
-0.18301752414554126 -1.6219009124831074 0.4263363119075732 2.9913952560829884
-0.24076566563918955 -1.6163071522518304 0.426374792446614 2.9208955530406637
-0.29593049146234757 -1.6079285506618919 0.42645939126595567 2.8542799807468704
-0.3511388941481686 -1.5971534377854562 0.4265816741267295 2.788336072097735
-0.40643945490941175 -1.5844662150571833 0.4266848473368702 2.7254970754555394
-0.46157296216115123 -1.5698733561375424 0.4268058665521628 2.663416675387614
-0.5163772800378478 -1.5530828040785867 0.42687082718967206 2.6035686423399715
-0.5698850982449926 -1.5342578276252619 0.42688722819024355 2.541917752348848
-0.6228076078556455 -1.5138631196384098 0.4268619140862926 2.4869021189926634
-0.675724447034297 -1.4921700330945908 0.4268143364616214 2.442550998578441
-0.727717841584233 -1.4689259256602976 0.42674395413781774 2.395474798033219
-0.7778721872717118 -1.4444231026858336 0.4267114695141065 2.3553423179136566
-0.827598061021415 -1.4177874069212715 0.42664952220058594 2.311240753656543
-0.8745572710409737 -1.3899736772087647 0.4265508458732205 2.2768799840099945
-0.920425305087117 -1.3603528289910185 0.42644432914998986 2.2372692397029557
-0.9654737520962929 -1.3295758522773407 0.42633062903662977 2.2036500333786417
-1.0101906399242555 -1.2973358823888714 0.42622076693291827 2.1719899100535773
-1.0538549930229757 -1.2632545083604068 0.4261585031635383 2.139564749731104
-1.095814262721685 -1.2280467085441356 0.42613370982065024 2.111077727284007
-1.1369169503450367 -1.1913890923518935 0.4260998548956571 2.0857559787331974
-1.176371762659398 -1.1525948789733245 0.4260242038652257 2.0615491935729064
-1.214272004030642 -1.1121067622379648 0.4259285550730237 2.03673644473892
-1.2516100406832964 -1.070228897197523 0.42584464201005806 2.0175100892618634
-1.2871855246275634 -1.027498822007912 0.42577397876167233 1.997979763601748
-1.3213666774146229 -0.9837738410633772 0.42574072529843254 1.9858033133702655
-1.3541733932867617 -0.9385903663496735 0.42568541129913223 1.9726323212545225
-1.3859577334858448 -0.8919454072037495 0.42564664722830114 1.9554465666234657
-1.4168319249153107 -0.8434031527914355 0.42562932419776967 1.9387327676003245
-1.4458988482318789 -0.7940012461430176 0.425566587144021 1.923839856935004
-1.4722993035241931 -0.7427553285454649 0.4254861456707257 1.9069508475319896
-1.4972679703123837 -0.6906543567631177 0.42539163138465164 1.8871183181637043
-1.5207977318018644 -0.6368362392397846 0.42530936760030263 1.8662254794825834
-1.5429000760428577 -0.5821858551324128 0.42519557357372495 1.8521732291868265
-1.5635952236130803 -0.5259921106725248 0.4251272987302169 1.8331752611273293
-1.5833148724026949 -0.4679444433090991 0.4250298015874905 1.8131702173052089
-1.6016415764391392 -0.409101142227302 0.4249690115999286 1.7939247293058278
-1.618282151799646 -0.3498273803869976 0.42485854987176974 1.7753127458945395
-1.6332937971875041 -0.2904995897348287 0.4247387033313282 1.7583624095185941
-1.646549730990079 -0.23085923929175048 0.4246637816157621 1.7478927365989918
-1.6577402306348055 -0.17105701483378802 0.42462630816485775 1.7379888877788083
-1.6670716317556769 -0.11117787581111918 0.42460296895856553 1.727012398058089
-1.6749477084353537 -0.051315557433410146 0.4246031846116634 1.7153831590138662
-1.681160185057667 0.008106408757738257 0.42457666367319763 1.7060014651424806
-1.6849604366719693 0.06755187108588728 0.4245063434598543 1.6159244536645918
-1.6867857405357032 0.12628885643847612 0.4244135348190899 1.5334950678558537
-1.685324088744816 0.1846937608456924 0.4243032925654052 1.4590556251272977
-1.681992433015254 0.24187675267516034 0.4241695466832642 1.3888370747163918
-1.676698602363464 0.2981782031332828 0.4240429857439207 1.31684273525582
-1.6694365896843342 0.35412253571499475 0.42395035880803417 1.2447258796038936
-1.660306777693328 0.4098845018137932 0.42384658518854207 1.1780521518342635
-1.6489662629552153 0.4630515406612527 0.42370952832052083 1.120913496006371
-1.6358719307184186 0.5157007082033657 0.4236302271193359 1.0660024473233385
-1.62034305034205 0.5677213760587607 0.4235610892160905 1.0154413753605187
-1.6030428991839258 0.6186713368463085 0.4235086877336493 0.965273082277287
-1.5832452585734396 0.6689582143636641 0.42342099718136444 0.9176590466058681
-1.5613491997867792 0.7183801744686195 0.4233246169413749 0.8613615575190412
-1.537289892937985 0.7672290216834505 0.4231797427355869 0.8174195609201615
-1.511095183081922 0.8155443403095693 0.4230958291924257 0.7705240024078215
-1.483010668773201 0.8634153629333002 0.42298155835663276 0.7263362729810199
-1.453425291031596 0.9104349647223705 0.4228911668218567 0.6832123828067669
-1.4220703351311355 0.9563335978268868 0.42275502057300646 0.6472511918938597
-1.3889267463609545 1.0009459080098884 0.4226920407327997 0.6100881310830992
-1.353319197539237 1.043424448352888 0.42260693067826793 0.578564289345624
-1.316119409576055 1.0843714686570445 0.42248542119925864 0.5432719422572685
-1.2773507752083209 1.1242694083956293 0.42240053911120784 0.5128857034572549
-1.235978690423068 1.1622498752054515 0.42233914297084535 0.48354853667574416
-1.192996201533821 1.1975402976718024 0.4223104101107351 0.44966065695114477
-1.148892435133454 1.2310309979732839 0.42232243045391915 0.4250000653382946
-1.1032171746902135 1.2625138734962085 0.4223117621420281 0.3962691562695855
-1.05653542783111 1.2925075366551748 0.4223430320129862 0.3633857840476651
-1.0089855423755911 1.3210691161180141 0.42237449003618466 0.3409390702006223
-0.9602711398154464 1.3480680866533652 0.4223882698761511 0.3144116785403086
-0.9106886695139077 1.3736852035188343 0.42238003504255617 0.2856665633363509
-0.8604494944587316 1.397868259304086 0.4224091650997151 0.2611421401540821
-0.8094975345768001 1.4206001877092052 0.4224432413096623 0.2449794853624283
-0.7577872905135121 1.4422241705976186 0.422517265284191 0.2298757242132421
-0.7059193379059401 1.462461598797817 0.42260447700625975 0.2112827737846299
-0.6534709800034728 1.4812657492718417 0.4226986311144559 0.19786720454951157
-0.6007048917934266 1.498645530678913 0.4228150051681122 0.18711474599228684
-0.5475630275905099 1.5146486922999602 0.42294216457178635 0.17287961661187623
-0.4939236339554157 1.529234946908545 0.4230845569162487 0.16445611570523022
-0.4395779474824633 1.5422180852730518 0.4231429697889593 0.1531355375347001
-0.38479729149490255 1.5535272768099087 0.4231785393235685 0.14032281213716669
-0.32963348135351794 1.5628713748831062 0.4232099291347349 0.12439828609447545
-0.27395574461668387 1.5703966334956925 0.42321937754778555 0.11078678294092992
-0.21751846037804737 1.5762751655298046 0.4231933660697339 0.09934037006801777
-0.1603427560254897 1.580655306084663 0.42319426382124725 0.0888023121802104
-0.10303447371348393 1.5836756349162893 0.423177270368021 0.07763453620459604
-0.04567968433722506 1.5852000507788029 0.42317355340481555 0.06593806578755412
0.011728626638654385 1.5848409486905433 0.4231672172188525 0.05856241103237414
0.0696439384482836 1.5825080803647864 0.4232015131257419 -0.026160012677989286
0.1272264985367691 1.5781111897662043 0.4232099941424704 -0.10939982572398588
0.18433111103251928 1.5719076956465137 0.42323938567038377 -0.18115166060399002
0.24043622054159994 1.5639079498423958 0.4232691672096983 -0.2539446710969626
0.29551723463461155 1.5543025434209263 0.42325345209961546 -0.32227755423960724
0.350152889899913 1.54348458249995 0.42326141261685696 -0.39085871824626084
0.4046538743376767 1.5303898235392988 0.42325198105356754 -0.45681849454761947
0.4586344769969618 1.5155334475141715 0.4232772445655772 -0.5185254658234695
0.5116849865764415 1.4987640964757882 0.42328995978224715 -0.5804787407114871
0.5639474322274363 1.4806001155119155 0.4233452674844506 -0.6350433463106144
0.6155725123733318 1.4608709819923387 0.4234017090605648 -0.6809213761271677
0.6663664450869 1.4392594099621054 0.4234862203572379 -0.7122283956402713
0.7163500560820139 1.4159773764858254 0.42361711011390635 -0.7460429009475038
0.7657567120716011 1.3909216168144485 0.42374931083142314 -0.7782343309144739
0.8144597863405979 1.364359478939441 0.4238401966064123 -0.8026429931242665
0.8623465455696023 1.3362451557972237 0.42389795931604535 -0.836981745647674
0.9090268974006213 1.3058449696429308 0.4239659047648725 -0.8686514019682443
0.9544441657140887 1.2738473387755223 0.42400658044666945 -0.9023925694853037
0.9991231109201945 1.2405238307482798 0.4240563533226326 -0.9365633874744876
1.042751076184217 1.205522891703877 0.42412217554109255 -0.9630905805364991
1.0857644728571214 1.1692332512146097 0.4241470710681527 -0.9873979042345544
1.1281924778595604 1.132131387544214 0.4241761752394423 -1.0180873594695847
1.1694608576595822 1.0939363240246895 0.4241697964004682 -1.0458584863212188
1.209594946615402 1.054477314806427 0.4241918531599866 -1.0678661836508443
1.2485750136524478 1.0139260931644822 0.42423003077467153 -1.0908356401057757
1.2862772623077074 0.9722339008603013 0.42426355804435056 -1.1128894006497072
1.3225624057650607 0.9296250344190049 0.424318546009028 -1.1331857621345072
1.357520016245548 0.8861311329546153 0.42441915103168165 -1.153120434212364
1.3910707307606978 0.8416162402095507 0.4245334221317705 -1.1708963410908748
1.4231512314453763 0.7962060765357457 0.4246287988011226 -1.1913138322963497
1.453877454251055 0.7484476789535258 0.4247122118708051 -1.211769580394888
1.4826096111163538 0.6999856752873168 0.42479218165311966 -1.232463595807425
1.5096911125630181 0.6500157785654304 0.42486831297297434 -1.24355593117461
1.5345982502773445 0.5991885739326247 0.4249417134150854 -1.2556456681335049
1.5572610980272334 0.5483148997911488 0.4250333475355001 -1.2692413814619172
1.5778639852628153 0.49716620059858574 0.42511189533698723 -1.2858397652019449
1.5959702349454206 0.4432891777675835 0.42517661544318036 -1.298953432265619
1.612011010684077 0.38882206027337846 0.42522854439046154 -1.3085148060843665
1.625574278831486 0.33444897825189435 0.4252315487050911 -1.3138941546389131
1.6373084127530497 0.28031777452386486 0.4252719814659561 -1.3159922844329792
1.646535490974788 0.2262269706610827 0.42533433021575967 -1.3149183856790758
1.6543147127702873 0.17147180448693727 0.4254248279140571 -1.3222539390442214
1.659184288531546 0.1154095439176312 0.4254863772985302 -1.3293104466424315
1.6619850125536364 0.05927722064487212 0.425581419250429 -1.3386360465889684
1.6628431818634313 0.0033914219966395404 0.42564282531628195 -1.3506883708004795
